$ANSIBLE_VAULT;1.1;AES256
36313535626265386664383638306464386563633132663638646438326138636537343563333464
6431333537373432333936393931613466653964666564370a636566396136666666643765613362
66636639366339663766373562653231333635643737396435386136623538306533633766333662
3561343633623732370a306164366262356566313839373437313938323734396361393838306566
36386365303232366339646137326337303031626162646136623362653137386330303863633830
35366535613835346234346661656238656561386466323963616435346530623865353962353065
34356130633763653861373939626164303332313130666339383237613534663666346166316361
62396530323064616462663737353330383261383163343562666461616237643939343362363162
66373062343138383235626665336635666361663937333537663633343437613064323138366233
30376433616338313533323965356431636236633533316566623431383330663866346136323862
39646464306166393865363761666539633261323839663062353433613566386330643435386135
63643936316636353737306365373665346439656232303261316136636234386138633665303931
61326365613933653862626535373739383834333332376438616464353665623034633331363433
62373961653636666439666162663238613831346162363735643763316536633032303135636237
64393430396230623035353439643335633331356262643064356133316237626131316438373066
62383332333765316234646234346439656538323161663339313634623764666134373466303332
30313130303037666237653832323063383066373731646537633131633734363433653262316232
64303163656465356131303538643061616234376265343462663639383637313361656538336564
31623137373837363064633831316136393666383663663963616231653430303064633836326239
66306131663865623161336437303138653330306131613036623735323830653731376464626665
64323938623461616639313962373130363133396430376261666532333639343731333936613637
66663533353964643735313933666236333362616464363665313866626637383136303235393032
34626133633363663738326634373630313737636335343339393166373437613263626461313331
64653361663164613835643165326535346339633466313264326637633136333936643063646433
31323936646337653030336337346364333238336434646338333763616635356432346336306365
62656533653163623432326237623238356563623232316634376439346639656238333334633036
35333733643262396165303330643262306161356332346666653234646562333937336365633132
30663465393635393133306538666161353336363864303834313030383130336134346462666465
37313937306534383532656538663931313461333866373335666366643432393962306433653138
64333963613334613765653962313931306232323238613638653865313433646166333633663236
62333965353065343031393832333630306235306266356662353330333838663461616135313363
66313433363961623336643636363565363735333733653965333639393537373432656264666335
63616364336139306161303765376238623565366166633663333365323566643730643666616362
63336633663662383439373664303762643063333739396134393566646438336362613566376361
32373136383239353337326365383936386135323637306131613234333463396161393033663762
32353137396635353231333433626265353238323434393966386132366530363431636133646230
62613661363238656234623836343032656132383333383466353338613138346435346263323965
30656335663164313334393637353361353962356164313465613333663039623564323633633262
34336134393864363065373862663035353938336164303339353166363430383166393163366339
36343764376536663762613362663661333431383963343533646436303939373161393964373930
38626463383061626634656665333762653939313538363237633862366435393161366630396663
64633431363430396362383530343266353835326435653766333865363635366364613634383832
63343462643137363036356339323036343939613234343530633338383463643232666138666533
35633833353330613637653934613834343433363631343061393035323139663538326539323637
63303030643131346438303330636361353434303738313763306439323165646536363136393466
64636466663738326234636639336533656463623662396434393032326464366432656637393332
62326363346539366635313030646637306437373231316334323861653865333463666335333965
63663436383630613630663565396431653264316133336161646664306662623630616430616338
30356433333530663266623463353538653737633139373530313435366461633736613636393936
63356563656561636235323839663230373063366639323465386233313238336133616166646238
36303332376363323330643736363565626536653934333237613239613232346665396666666638
32663132313437343864616139353830396366313739376462613130323336313337373939393466
64653461616239626331346535366163646134366333316362653532336535313462613066343130
33616363656637376236393065363430396439613032386665323262613731363066336530383331
61663764633763663665353531393562616631646435303536623732366636376536353130643032
38303734356136323631306263633861616138313065386633386130323863616234306137393932
64653964613733313964343564646230346230316134656464376164333865366564383965653661
36343835393335646237306466333461633364366331656461653437656262336166326336393636
62336334316265316163353930343931616531613338333335356662363161333932356237333234
66323265646165336561323066643130323839633833656633646135346233303265383739646637
36393039303066333065353730313733383638646562663462636536616233393038633531363164
63633166663664616333373966653535363037303264313535616661303538383835613233346434
39666331643566663961336635653337333335656633323363613739656439393235396230363762
32363536373533623061333064383263376639643334373435393037656663616534626138326137
33343365306136363134323432356438383637366331373431623732663966616263333634343034
33623632323938653936663365663566303131316665653134633066366333373765656563303666
62316366646231326137393136393766326265616638666164373563373334313030646434646432
65366464613932336432356161623262656634323233313333616238636634373334323038336337
35666536616263346232333336336136363361623236663566393737386236336261346164306631
63333733353565386666343732383939326632343139353961363761393563333865326239666166
30356232316233306335313536366236616561313831336130333762343363643932303164303134
30306233336430376564386132646336323339616130346232663966303066626563323232646465
64323133643566333761643664376434653863623062386630366638626532626338393438653165
65313633316532656336353434353130613735643036313037363731373137306439363162393536
66623939616633353361653066636266323061343834333164393535346534616366386234346139
61383138623639303139383237643561303461336666346162323936663865363531356532306134
63316464363465643031613966386637333764646362336361333533313261303066663465356665
39303332303736653233623461633538366430633766306233663961626262356436643431323362
36626231643138366561626366366136376131313563666265613562353139353734336339336664
36393032303733613562653534666566313166303666343332313761336639386433393334633533
34373131643937656231626132343964353736396563653634346630646434633239333766653931
31376336396138333462643666376663366664333530656533376134636561653262633132356366
31363263346563656231326466336662636335643263613863363938333733613764636534313233
39643635396161646339643837663038376533383564626338313136373432363538626335336336
65613162306130623932626339313361396333633739646465653834343066623235373834386564
64303438633034623863303863626466363639626361353065303937306561636338396332663032
31326437613932626635663833613734633739313763326333393830393531306335303733363764
31303332633834393437626532356161633437633634353932363761666437656266343039613239
31356138303639363639633139663964623233336666343166333961313463643834323564616438
35623133346165386233386465393961646637326137393839613330373962653333323031343035
31346238323834666465393330376464376135313431653262643664346138626334303564333663
64303130353163656463366133336362656431353934626566373938386633636337363461373335
36373133333332653634363966363731623664343230643663373165353864323238346366626230
30316430343462396431653763386532363035303234643464363936353136666136303537313131
62393236393132663864393365353533343962393233376661626561643065363664663763343137
63316361656164376539366139313330633431663165623233346664613766313731613336313631
65356136653632393561663133346163653663643162316535353931346538396335626433396131
36643334353263356430646462353138383437313533646435353732393361653232626238613764
39633632623166373231623937353437393163653333306335366461333533633166643931336663
32383561306666643262653034313763363332643037323132306235376433626138663231333635
36366531633063646362326236373564626566323638633532656439306161613135653438666662
35653662323263343532636366346364636163633130353662616637353037626265303335373931
35336163623430626136323736303965653761666265613335353466366436343166616161363462
39336365623535626331653239383962646362303361393938336366306266386433643737383434
62656665633435303738326362393066346662616430616164636162303361303163356538386432
31386462386366333639656566633264303939626436643236393231346461313632326536353536
61383366633063333931643931316365623838623435373135383865356664656636633630396233
66396663363365616239336135393463373563633933383362316339376161383132663536303264
66363663313131323838313833363737363964643963393939633434373330613633656333613836
32333761653761333136356534383633303535383930626562636535393839303935656564303737
38653634646235393238633231613433346666326434306566653862373733303630373834663266
65626234366331383139643964353731623565656335636531646534383430616664656262303339
34656335326165623431386431306630386132653032646431393637663064613262616565316466
63333835333663643938303834363131623064653732323764613039623531376430346635313935
32346132303332633263373538336137366634353161386364336436663963623331663461656631
33373063653239363934653665653335623038613262383731396562623531613362396566316461
64636433363237613663633731323964346663643034353634396232646637626264313264376561
32343535346339323838363466666163313434383238356136663962303938396134353561633965
64656265646238623939653030653336623839393665343435393266386331316634626362366539
37366135616138346361653633373065313439643961363833346566363064326463653064346663
66316435356133653630326636313064333235303365313365623837633766333762613062373632
35613963303634333562303331396430616264323538353130643339356163633065343361376538
64613961306530346363616239326439353234306233363035306562363931303963396639633930
35373864353739316562346432646530396539666531363339363835636661373862613836343266
32396439643564343032626664343131316465316264346139313630336162383032633539313265
37663232326332313864323062373565646135346538656566353434363062333464663062626162
65656562303661646138303866393265326135626235333466336264626230393830346366383335
31326662323537613534306233366663383362636535336536666236666531653434363062363165
32303266373462376662393366623031306635386534643733306165363130383038306438316635
66343062303630393538346164336139383534646233333231353336353833316362383836313537
35613264666562643638383963663133303062353733376235626337326433386131356364393064
63326433356666356139383939343738343331333639303830323365656535323634663865306230
32316334643832336139383836383731663733356133386563383762373062303461336634343531
37633038393761396336613764613663326161643139623230313536623734656464613730393631
31663031643432336162383235633332326437356639626333343039633032623730356638323366
66306634346132393735623366313938633136383136346563353263363336326633333030346333
32643938303764393734636665323031326330343435303133353138646564336532633330613839
65626134643039616133633830646665323435303961353838313635623933373261633166313433
62313362663539646137393761326535626364353736373933343965336434326130396139356131
65393039353933386135663439613832636463366631633866306662343037303530643666613033
35643465373836346335613366626361646665313938346132663166386434613765363764346434
64613830633733666231363663663930356236613932646138356462363566326363376665376363
61623736633435643563333136386237653262616230343164656563396166666563306663343732
32303435326133653561306334366334636432623037373864383361313163646262363630343838
33656231633664613464613339663230643465313730303630383438373863356263396434376264
61356437363065383630636430383965353939613436363732643866663864646636613565373834
64363661653865313865386537303631383463613038353935346661346262613733623462613731
38393337616636336661663566663938363065663738626536643863373430646362616534353335
30363162356636383338356639646431303831643030316563643732643539656263396332323339
35353139316330313866376232333161633632393565613537343537346332623866313139323665
35303039643237373463363265393337646238373361636666626637643536386133643730393133
63313566333832626634316133383666343438333566326235346234383732386362643762353464
33393262343939343739393239336363336530303239353132383336663365663065626666386332
37323539353663323463386236336136343838616236343564366265666532373762636166376364
62366466376535333135363037633133396162666565393230313465373131313731383363663364
37303832366634343434333361356261636366386430323530653764366464356335386665613933
32666162363431633366306364393162396632643232386639346262373437316639653332663061
38663165373461643766343963313265376531623333653435366266316337666164303236623830
38393163643534336632373135383063623037653762323466373064386133626132383966656439
61323165633865636632643539396437316664623331326634306261663639376336313839393032
36326435663666396266623066303664653565353939393032396436656163666362393730633666
39653264623832333864663535666134633637363237396630383462663136616263633138396332
32373535656331643633316533393661333534333636643938626132303066383737643733366565
31653766396637353337323732663731636239643439663631333738383834353632336465666262
38663666393635373566353737616562333039623565626663383062373232633166336463613535
31383737653633316564383264626334613766346430663862336663326237343838656536656337
38656235303738623030366463343931633131323039613965343565653438326634633235386536
64396565343331316330373036333765616563343261353064633035643030376263653131346335
37623531393166376439306636366365363764633637306330343430613932343666343964363765
31363039343839636466623339626134343332373531373234346333303932356330616530333363
39386639623939333238323037343738343839623235363762636631383931616463386634633635
39663632653863636335643563353338333266626232323065646465616534333733313937396665
62336632313735353338616362616633646162623536353836313336306563313831376634373765
31663734623063613536373666653964393637656336656365316364396138663030616339316564
64386133313538636630633532313234633239313565646432306364636166663533353133303138
66646534653637346263613132303839346633363761633266366565353034663466333636326432
35376163626365663838626336626231633131383936646565643932366561376434353466653164
35333439646130613664393739666364323837623636303036663631306531666266623562333966
31306665336665353534353533373835333465393263393130316238613339636163653036386330
65333266613235326131363534373936663732623531303865626233386230316436323462333133
31363636613330336233666639323433316364663261353065333830313962346634656162363533
3861663862323239366566396530363662666435633663643132
