$ANSIBLE_VAULT;1.1;AES256
36326261633930393031316561373835623965383531666632353932363137303365666464376436
6237393166396461333061356138653632643637376234380a653033323637313761353864383063
39343537346431666230626434656233353561646466366634633564363934303665303734346239
6663303134646363370a323237626631383034396234303237303031316533616462373361656638
39656539626533303061323466333966366339323133353466363762666639383733316533633330
39386136653165383866663538366437346535326331353263316330353337666162366439643132
63356432616338376237373438363966373931373933666531653337326133376232376366626562
64393937343365346236346234386635626430386562616431643830656239356132343831656363
35613632643434373334656434323765613165643039633934366639643935373362396137343766
38386430393264376633343261323631303161343163313438646566323066633439663935323933
64666362326433343663313131306665343163656630356165626132396164626566333734346132
65666262383837376538653239626135643839626463643664663461616164383766373661373366
64636162623436623339386265303231656237653565653334343662643634616137326336653632
31653539366636393536353966616237383463343163616632366261623434393464376134613336
31353239346665303564383535653836653565663239333036333134653637326639326431366137
30393037313731336533636166363664633361653236656234616466656662643537373536323565
32393734616365313039666462366435633937383761666532326664343139656138393132376231
31346432343062643361366535646361353634373736666265323164336363663136376437653731
32306337613834613437303136623864323165333264656366333063336332646536653934326162
63663135333531346432313937306539386361643266626663336161353430323735653631633036
30626635633866623263323364313339386137386337363631346631316537373630626334643834
66306230663931393665376663616234376332656633653261623832326630626162653835653733
35386335653134313439353166613330653136346162376163613134363035656236643035373634
61633132623839636263303361663364643636373838363533363961396533643166376437313362
36653437363039633964336365313866393864386539346263373965376138663332343531653561
36643436653838353763393161623165396534393532636164333165396333373662373638666137
353861333232616639376133313236636437
