$ANSIBLE_VAULT;1.1;AES256
38373138663735343966363061663163363931343663393334616466663765373233323462396564
3139313663383235386631383534373533333834633932650a343536323562363963666234333564
37613631376564653839613161623935313338613066373538363465656136366134636166333933
6162633734333934660a376461616233373532373064656133303466613165336262653964633634
64313431653936353862653564613566656361356435623934623330393732303166393264376664
30393066376635656531636466356435376335303332383264643061316433623666616231646333
61336665343437383236373430353566623136633166386134326233393636326637663162396562
36306665343463333531363962323837393938636336313034626437323430353631653366396230
34666330303130663432623562303337643638303833623032653164393335303733366563623332
39313133646666316230303139656533633764633362363965343636343166666162373630306235
32613063396630613538636266376231373637383235336233636462666665343336646362303034
37353031323437373665393561646237393431383330643632633164626566613439303566653566
30623333393637363561336334343362313064663062333331633366613762336138333934373564
61613532386638363166316462623763646261383564353462393330376430623230336562666238
32326236336530373962373037393837316236666364653132383066363965633666663461663538
35376362336130386336633930333264356261363139646333313332306330353732393538306235
34353131633366653332623634326265356438333666383633353838666336346634306162633737
38323964363266313635333236306635333834646331646432393237663033386231363632653264
34353632323936616133346163326635356663336362356537393737626461633162353837343438
63353839363432316632643866626439313534626661633639323063613134323537623966646166
63303437323965346534363765303735626462623436613439666332336231353031613366313737
32653363306365653536623438323333616335616365653731356363323639303464383135333366
31653534646634663964383036333566306664343161623232656532316462653865383936366438
33633561343964393463646230303539336336623134653537373762653465323731303631303834
33613362343264313230626464626364316239333563346435636233313130356137363633656438
39326237313665623066373662306166636430336232336236366564636563333561666335613838
38313638303666633333373835613864363239663662633639643039373034643662666362363938
35303437633333343364346133363330643061343936623065666463373830396530623839386136
37333037653361383064383864373939346265616439353330373434313866626134393363303734
30643236383862313236383432666234663464313665666466626536663263393136313466663465
63353363616261653638633139333236643735376563623631663165366136376664396536613066
36313337633031383265393563663335633231663465303761393838663735326536633830656564
38333965653737363437393639336234666261656164393865323035373238376664333465316435
35373233386161303261343866636163326665633630653833363438653964616539636434333164
65373632326135643062646530626533306537313633643935333263633361303231353032386439
31353136383531386636363338366231636432656436303839633164303965343261613465363534
34356437316233393039343038393838323665333962333034333061636338383231623163353262
31303537623164636432386261663464633236613835396537666234346162363530363562303964
66383261353164343164636137383537666364326433303434643136663937326566393863646666
39626433313162313738316134643237303766393437393930346533356261616331623838643362
32333764323862646635306562393835383135343638643064323139313130643734343233336165
36363239343264383533396165343162323866346466323439643536376338643735613835633139
34353462336335316137393337626633393630646432643430303832373563316432313464613538
32653966393732663563653361653233616664323936316530646263303337393635366139353939
65393534393431353835316330333135623763666261393230613733356661636536376532376463
31313835353833363266333637623764326535643831353133656461613637656166326462616664
33353031636365373761393437333931653536396634323330356433636662376432336464343766
34666230323039613933333533383862383063626538336336653335316433353164366238396363
61613839663930326335303763376436353731333131663734636262633262353138333638663233
35653862653531353334633763663432376435353939623733666338386261303864613133616361
64656332643431376238336137326230323262373133366437353635386536333366643166333435
31353735373162666236663738613932373361396638363531313433326265653063303737333739
66363230666538373732666361363939323837363361363238303366313066376665636363326138
62633661656363366464626563626636366363303239353033663230306264313461666166663461
63353932366463356236626339646361326532386130653766323831623865393532626635663465
64316464613631643463636361386634356635386239373530356331353633343437366230623432
33646565363435356463393535633261626361643264303065363263386531343134383330383961
37616165623633376361623839393935656363623866343065656331616666306365626639613538
34623836393665663533623363366536383332346261386331613361323562653138356131636636
66653133316365613233343165633133633135643539356662326431383137376136336132366465
39623063356236626230356536666439303134633530666564663636333730373531643765386430
34356466666463373935323265303134653738343462666164656632643662376565323262616161
64333536343235353431613264333966643239306362366530626639623965646233626135313333
65326232633765393739313135386164333738646664323764663235643335373030393739666535
39616530646433346463613738303836326239393265303036353237613438633339323830356431
30303864333062353834333466323464633564656662653333623835383334363965353333336633
33623136313233616439326565373830313065656631663064623064636464376664363130323636
63393962643535616332663137613838303261343836386166353765376337333736376564656661
38303164643034303233623330373638623464366134336139376561653335636563353830623933
38303066313038366335333030653261316434323330626363336637653434656435326261366635
38653861643261343336386236356662656339383731636131313831346136336163613463336135
61343961366663363738373636313237373965663863336237356432656236656635376361663838
64383033373362366663663134633430663431623938323838373730616661356161653639306335
35663462333939616266316534643831643537336538383362356566623962626564336233656232
61323362633839323765653539316463616666363134333935646130396234613931663637353761
30383235306239386535313536306131656365366430383538643261373065646232353263626133
36353031333865393437366138663263303435613466333939653232343266613932333563363864
62323533633662333237653366646339646631393166343365663237656231636364626165613462
34376162373439356334666166323439376133313365636133663133643363393230333261646534
64336462613838353237626337663237373261316464623266643463393032373833376238626564
32376265326462333030346534323763333561306563373839366135663965393936386433326536
30366139356436383965663639396232356138316234643965336239633235306430646532336237
36313831316634383532366531613335343661396230326531313663636230636137653037636436
38323531643737313037633039666233346234326336613031663233363333613932663334366436
38383762613166323561623139376637663437376433636534383337343262306236376132633439
62616466303739396535363336373232313538613438363336333362373630353636333639353738
64363733363837353639666137363565633532326562626434346665663332383433646561626363
66356537646264623231376634636430373566366530356435303665376337623037623435623033
62623864663765323835636533303164346663626262336630313737313534343333326635383232
62383637333732313261613963393631356234316231343561633338323732656633353966366637
61346637636431303062663264636537633032356363623531383061303739393132353065316534
61333334333835646365613466343537366532643661323530373530393462333336636336376531
35383364373832376561653266316438386539306238643334376436396138633139626134633362
66303733346162653839373066353162396264666163323063626339653631303830373230363766
32623532626236613464336664326331653566306235666238303336306533613966386566653663
63633830326337643638353332323031353664633138633762663337393663333463333066666432
37626134316238616564353862366364633732313835306633393339653063393463366634393566
38306365363562386462383235373438343739636434333161393837643537626464336561633230
36313934613234633536373931323434646561366330623238386135306538653332396263306165
31396238386537306433383730626130313261623866373735323161393536303165613664326236
65333762613065376265393464653565396164313837616438613933333663663337346162613765
62343966623361386464313163376532636533363334393139366262396465653133333665643861
30356565653861623733303931366532353036393961303864306365363333656364313061303263
33373066656538346464353034323833383834623933333539653162353834633538633964373832
34356365313965356432663733623630303233663332313538343236333831323630666135623637
32656232366133303562643663316663626566666265383436366263386230353666633666333436
33643437653465383539373762303731643534333764623131333134343634353865383438643063
31303231303861376164666631613736373433373838373037643839366132653366366630333936
64623335346464643130656436626238393462373061383731623364613263616561396263343439
31313335343632393430346536363432383937643935346264376336666433303932333864616462
33666630383436643535393831393832313935643262333734366333393365333831663163373631
39663339616537386164633830363066303433643464633966333338313236386232623135616564
31663462623563313736653064633032343866336336353764613162366335323364346133326364
63636533326638643133663934326432343733653465383630386433613338643234346462633633
35336365363134333338346233626435333638366332326162633531303132643630366466356162
36663431346139316464383734333761336461656263366439353935613365653965386138356566
64666637396335353662653536346261363934343566613131336164316362323663666362663435
37363762333033303530333438316634646364303464346465663430356365363961343661353663
63326461376433383634383135333262373234396164663738643861346534613232353663363762
32666365306365336236353934626339363830323730326635323463313334326432616236353138
62653338646638633735343931623536356333333739313834613264333031356539656335356261
38303331326234393265366466663666633965343236346263303038633831643431313633336535
35643763656631343233323337373661353466656561633330323362313633633638306134383362
38623664376533643330363461333139363138346564353038643939346136653335613761393033
36613037343061353130633736613035346338353831346466333134663631363431373831633533
66303865363563363635336362363031343134343434376336343864626233323932396461656133
33343061303532363433643736663538626530623334626561623263616131383163346539303966
37653233316238316533363061336438396163336537623933343365306662653035383833313531
65393131653337303865336634643932613839663566653263393261646130383762646336303437
62313832633166653763333830653038666666363538316138636566616533653764613365383533
62633865643538313135346231643830333139326633366661616261323533366238626236363863
35616330326434666239633665383665656135353039363833653735346431323336353831646236
39633262343365353665663339333639336131376364363861313338633230616239636663303038
34333066306434383930613265616433656134666637616335656562386230303866313435343032
37363736386465643863363534343236376161313431643362356333316538366133663266373936
39323932343561323366306336366139386237663064353465613361316232653865633161623135
30333238346266616663623236306631613566366338653664346366393135323630373137633336
65353033383333613931336330643361393661653064356335396661623239643332633932386139
66363539643462656664393766666632613664623336306263323564306331623934386136373461
37663633616632316130663564623630343165666639323131643336383030303366303334306264
62623034316436333365653831376331626165366333396435623561333333666665333636373633
33626537346235303633386432313330623438393261363233333935333865623639316533613463
64646266393233336130376236393834643162656130633537646530303333346339396462383266
32386165323433663361636334666138316138393536343365393830346262656534363237613538
66323139643233363566376433393833363437376366343836386235383863336461643339363962
34333061616233643133633033626361323766313862393763343563373331316563633631396530
30386330616432303464663932363032313230396165306335323161333364323539343131643637
66356638346461666562346261306166323438666364313038383236613038623861613632663139
36323230373538303231326232643234313334396665353761623766326363626464633339626633
64656236386333323137653265353637373933633734616433373034363566613533363364373361
30393063613132663866333536323038326335326438336461646336613865626234656233363134
30343932643131396131666164613863326235386437303035366165376366633736303463356332
64356265316262376665666432376162333164373861393533336365623232396530373633376232
35356263663031353363316238366139646461383531373462356332653934323039376532393866
63353663366565376233333461396261623534383039386164626165653538353830363065653030
38346136306430363365626263323533313861643238653236343235623834656130323134663637
32326336666633336239326332383863646564353766646664653136646336656436326162643235
35303733646532323739613933643739623132626530363338386461613138393766366133333933
35373739363962386131666237633531366135336338303263303134306135663533666536643431
30626461396563336131303033383766623335333435383732306433366162656137613361646133
30366538303935653265393966353663623536653838346663323761363661633363346637346237
36646165363137366166333865393764366165636234393764656531353039323963313763343638
64346637313834633665333135363734366363313139356637623662666131316336303939623334
63323039326461646261666362643562323536343337303764373262613561343538623564316533
65323838383766373531333764643666313331333261303664306561656539393538636537303137
64333466613534396264386162336430376661346237613530633735653239336236383534653661
37333532383936343735666330333639343761343863653235363134616361633035616163633965
38616566663963303138316130373866336236626165333266383364356337633733316530613531
34343734656664613535386663353463346239646137616338386435383433323132316462353339
63623935346565303263383432356433666635386564646565306365363862663739313832356565
34656362373536623433333463613035383064326566343261353839376338623033363530306236
35663231343838626233633439643537643237616166376636656633376464636237666563323533
62623435356337616135323735323964633364663366663666363433643336386635346330333131
33343862366563336332383834633937383965643936363635333066613739666234376663646166
61323930326635653762616163316163343537353234396434363932363734373561393966343134
32343939383964633638376636396432306166396430653437653066346565616231616361663365
33393733346231323434386538623265653765636535356631666135383861613039326265366537
32373433613064396461313631323535663731393439663266656534633633383632336463306162
34643166386434346439626233616632356138333638336261333765653030346232616136333635
64323738356539643531366638376366646237626361343861656637393937633633343032663161
36313539636463303235303465393265643734623962656364613162373537636366336234353931
38303764313236393638643465633531663266363130353637623765383639323562613636626134
63326662363130373939623235333062613765333733383565393837343936663330393036313236
66323536343363306631336134363964303935396437336435343136383439643231616663316532
32336230616363613064623265393134616235663730333262326535373835623339343831333130
39616132396538363132313666653961326332306234386364366233656164323534313731343162
35353138353339346230336466383537623932323633323134396238393164373236613132336132
64663939653537653336313035366635383533333462613831653939356365386365363965343762
61366432316562313536653661396439613866326239363461643339316162353731353633393962
61346635373430653137343266616637376433656132323565636433663939343833306237323133
32373538303566393136666565343430643231396233383836656530306637383262356233643466
33356631323062346530393230333232323463363963626539663935636466356561633336656232
35616564656439346232306464616133366265343263616538326430326261386263303637336363
35303738323664653065343164383166313430373232643136373134393164343264316130363161
61363763616330633966383534623564666662643564373937393461616366323037653834343436
31633731613132636566613432303337393130643633656465373137666638633664633164613839
34356538333562383137366562373366323765303965373639373732386433343631626534653831
32303562313966363937626134383363626135373963613131363365383638346135623966343632
36323031376261663439393732333237343036653839396639383462623630356230633739323532
34333961303935663834343134623231313135303762313734613365323862303830333237353130
32323833396263663731383233643532376432663462303463353061613433303233343165343637
39336564623332353130663837316562313434386130643734316130646265303364383663396236
34363131356237326137326335653864666531316639346232613761303964303333353738363965
34663164373132376531623562353863393664376362386463633630613063343461363131356233
30653135346462386662393862323733313436613137326234623731623361643465306531386333
63333537393864366162376264616662636265333037353934633838303735313164356439313132
63326330656137323834303464393834323661323966316230613634656161393062343164626639
63646633313061656432643336373366316237653462643362383664343133316262653638353861
35373762306537346233343064393734646261363839383336353534373831656465396230653661
38353035306639613262623333303039346135323331383066626532643864316662616361333136
63343139393335656265633535393434616231643931373233666639383838393630656330666666
66393130376139653164356531613064633366303361633463373030363733316337623039313738
38383139363136643337396166396230323331616537613735643063363133303537613439313234
64353837653232343763366364653633626665643763393032333364626366626563613633343037
64323831653134613139313961353836306633613435383036346162356264633938326437363063
63353766346534383731333963636439353761623233346234393865313930383533306565643235
39396239336233306132643438333562353231636133373236663830343831303835376263633934
35343131623863666135336163636661303632366139393930333437303965616130346662613338
39633239303430333066393433613333383630313436613239646165323663343831386666343839
35313633626431633132383233653933336637613061646363643662643933616361303431626137
66316334373334323734386131373762626265376163333435306433633433633138373830396161
37373534303533653062646333323031636563393334613764643438396438386661653261336231
64393266623339656133653132316531373166653266313166656662313163316361646639356235
35343261653733353839323335656338366664636161326431376166646264333032643832343066
39333762636565306631333431303639353264326635643563613363663032386461663565663631
33393032326431393564386336636237333133346338633738386134313132383765323665666465
35643632373636353538396633653230366362633631366532626633383338643063373435633966
37313537366435376462336332336330663130323837613330643866386161303531306434646232
63643530623538383030303334396265306165393330336537656565343365356232313264323962
34356463326631636438656338663431653533313161333630343537613162313636303935643039
35373064646261623364343336353930653461636132353462666462666338373535656337643430
66643065636464396630316262323038646163623835646433633664303937386631323963616534
32336165653939346265386337643732333832613866336338656233353931663033613135323564
35373831353231383735346663326238646361313735616561383131373336373831336239373934
65336131303363336436356234366564376237353163623031303463653066633561383962613163
34306665336262383930346538306262613731616237386531646333366335656136633038336435
35323864356162623164393234623761393437323436323466663364376661383738646333383436
37643862646430346565323037356137363364386462623465643537326130313436396366626130
64393637663832333733306337356362636635633239343335393066313765396635386335316637
61313830656563396562623035303134376562383365386331363536613662666666363263666664
63616662333337613164373337643838373734353466333637613733323563353937663636346232
64346130306538613136613165633435343864333235336161613438343836663639653535386630
31323266386335366339356534653538646164306630316664613361653366616632383438616263
32303564323133386132313034373063653237363434636666623463373665643732643634356330
65653538653034396338333932353835343162333431303364626630303365663438306631333363
33393138323132653134363662303836333537323761306436326538376531376562356133376564
38636665633539646337383732363263636435343530663334656564343539303231643338303764
35666163336663313036336133356334313338613739376163303266633364336164653736613665
64663832313462646136303663623835323661303039383066346161353734323839646164323162
36653431646633363466353731363733383638366166343535346563663261343530633338353438
32653862623666313030373762313563626665623836646130333566383336613031623965363331
37313137323237353135313163363834363532343335393731623833333961666362643834613863
66316131363736313430656631653430316638316237346133666366646236336531623039376165
32303564663761386135656365663533613536623163316138393863343532366133643165656133
33323835653038653364393032316161663034346266613935636632366365303862396662316638
33333438373463343366633033333664323766323637373034656661626331343238396335633538
39613661663862396137643835363336396334633934356237643765393630653765353864393133
34343561636162303938323936643639363533386231633232653033323961383966343863613339
31383435666538313533393665343534303466393233343134663762326566393932383932316539
62336665666362373637353234323365363131303232386666386564626138323931353463396539
64373161663237336262313634356564356532643930353634313730303761343166613935343337
30646437353731323930323039633137626533306661613437343564343232396662653535633333
62313264303063646262643937626630373962353061336431376634663634356634373664356634
32343539653035653935386665623262656565336662653765626132343533393734353337356163
63336562323830346638653033656433356132613438633766353130306533343331313766396639
34363164663864613964396136383339376636646434623939613964363264646664646635343533
61616433376161653563623132653337313731626638396365366566306437343733376261313339
35633264626138386662346463643930363132336439323733396661306136346562663934366636
39313432613138333635333066353035653939383337306334646662303036613833626532383761
31306439323763353132373339636330643637336162626164323765366431316365336564393162
35313730633834303339623161636537633466343839613239373439363564646166656434353539
31663331343862386238353432326462633135626636363137386461316236656535646565333239
31313639323565356163633439396362343436313730613430633237616630373332393033643064
63303662373332663739633935313738346365343337316162646336336230663430323566666165
66656235386462353933653137383261313762656162383064613830336439626239393634333864
39323234373866363933353938383766343039366238353038656339666365326436323434666537
64363438623863396436306638313165626532333935373634643333646438623236613639616238
63646538653034313661316333613336373531373732343264376465333765333939353364626633
30343334353833613338626465306631396332383439336134646166396330373236636232303533
38376339633839313066666135656638373164636566323738393766663764343962313239353638
35323032663662623865376333396539313362313166383965346465643764653966663434303233
63623338303934616163663665313531653639376233366662383435343764396130663533303365
32333131316233666330666133343231623736643535643731323933393539653137386366363166
37356332616463623431363734383161643565313130623437373464356531326137653438306462
37643133393832616164346337313039333163373036656661613438623862363062643562363834
64626136303937333732366264383036333061376431363733353065656135376536343965643938
36303332666237306235386237303961323861613830353362336362383932383331386264313662
39316166623636353335656465633565613630656334343963333365386239623435333362626534
38653764363230373535326262613036613430353161623936366130616465656163343933643030
30646638323839663566393031366162656533626434323539623766333733393030626466613338
33613432613964373863663762643935633539643635656637373136306138333536646636343934
64386336316336373938346336306566653764623962376365316133383435656165373433386161
35353436383337656430323562623461316530633736636230666335613534393030363435643633
38343632663465366433396135623964326436366532643530323137633333366231386563666533
61303430613361306330626436613463666530373038353461336537396234353538356361636635
33626537633230633832663265343261656233306433653431633964646631633965383434623066
65373833643666343239313561363261643938306666326638313462376439636261346461326331
39646336613833653537633339366364623732613063326665353563343665633166343132363964
31353066313034336237323265303831376566326330306531313932353231343533666136353832
66396337306163653237616262303838613962316566666638666637326464373233333534656138
33626665353932643861323061376564383238353665623666653631643664363965663763376333
66613636633639643735353032613463343463306137303032373439393433376461343536316436
66636462653765343965623930303563643963646537333764396462313737346537336632343036
31336135393465663363373238663435383863653834323934663362356561346462396132663464
64623961643130336430663336333938366430393231333930383736643561326631303035633836
66366562343666353835633662653765323237643839303637626663373739363662396566303761
30356435343032383734346263616564633862376337393361313866313432666537636135333764
61336164313832313064326662393033613438656164356264643566626538633334343962613837
33366261346538303963396638383034613836313464353730316436623630616666366661353131
39316664383432663930366466623735643030313536613232646331626661316664613562333736
35353561343466356337636332666331313162616263613138643138373439316166633136663633
35623564353662666132333736333537616539356137313464376138396633373165386334643364
61656136363332333361343032366363383163336363643266663366326236363335353836366438
64663130653466663165326338653133653163363764626336666230386433326635393861623931
32353732333633333162333634333536383864346332373739393133373166663137383763323864
63313539383333666362653665633830613739396262323133323031633236613065623166653437
34646165633736336333343064333732383338613562623961656464306335366133386430333466
39396264313661383839396666613065646535666438323730393563663761303036373964333064
61373162653361323964316165316263356365343965383263343931646363336265393134613236
66316331653933306532336538323533366466313334643162353063363031326430386633386564
66633131363465616530353036323365656230626631356436656339396535623534663038343333
64396535343232633864356562633762383539363161366233633264656432643861656361306662
32613839376463646261613437666363386630666532396261363234323562323263323262376161
61633235356338626230633965353136613963633065376661393139343535636264633536626637
62316536363439366563613930326331363339386464646434643965303732353730336566616333
64623365353939646361313564303134316661393561636465326463306365613438386230373465
31616561323266363364306131336334613863323832313263363438663131336439383363633838
65313636393238633839613162336233383733323635393766653863343562613633353164663365
34373732663139636633363364323265316533623832333633633861353238633463666331333434
66656230616233303363326537373764613537336138316438626534393566373933663362393233
31326564383166656163626431303835323032643961386533643265356230343062386263363036
35366530343162313163343133303330616538343537626434323239343237623433353966306161
66613830653263346437646238333330653939383835333631353237643132643036306230356136
64363761376131376539353033346231313735616661653738316232313061643066313139383130
64303262306162613761666638336230396337353763393262663661333134376535626434346535
37346538663935316362633934363332663962316662366266383165356636333835643632616634
62623434623437396461306239633338656565303663386638353531613238303439333362316138
38616564646235393631616366646437323032383930386566333431656164376263346565316566
62313034306130316432646665356466653732616461393862306436386133316238396139326132
63643234323837393637633666333339373238346630646330323462343566613237613531376439
61373766353333373836393336316439366563323836373039353530323535346538343962633035
62643964306431633136363236323637323032383336653634326331393138363339396635656633
65323831333462353938666539323137626632656230663334386666346537376634313739393238
34633032363036386566633865613161623139303162386432353639313666633665343735343561
35633330363937623035373466613330303062393064323966336566613632346130626138323366
62376561383134306630303736386437333338303764613461306463636639643633623733633630
36373465333235363735663962313434393030636433356263336433313762623837643663393632
35396165383161613131623631386364343362303264663261353262396130366362353132616438
64353663666335303563653231323264646264386431333264333931323234626336333431343262
66383765343331636261643437306634363237333939643436313937353566393134383661313763
37343030613130393533653132616333353038326466663465386534303233356236623465366636
31353164613330343932626631623734633066363738376666643262366666616139653737633039
35383866636666396661393030313662633336306265386262306263616630623863333634353432
34343061393465353363316433333961316132356538393138663833663331333765326236626235
31333330396439323631613034613864616466653731626537316534373639636564383866343762
32623337383163636137366332363130343137616561363938636636666465303730393166373062
35616362336433303839336130653430653431613461613862313731323439636165373438333138
63633531643666666236363166373961633463396334346135363365363339323534343466366661
62313536383361353230626463303231613963636362633538393362316630346233383731366137
30313631626337363066313037393761396334623733363632653663633134333431346439356531
66363861376661386636383063643765653431663961326465363532633861363433623330373437
35306132363430386333323938383033353966303332613831633865633031373939356436333634
62343666663166306137643238666137383061336435303437663038613335366665633362646162
35616238353037643761386635363361663339363766313664613764633033633533373731366662
62353933613035613462643532663662373265353530616662643230373431336636663139663832
30373564386563666133636462656163363931336536343534306666356239666233396231393733
65333663383164633933396133623034633162373264623162393766656365643538363362366136
39643762616434326166396334323864623964393336323064663631383732383565373965323036
33373035303232653263373532356133636661306338346439336661613732356239383036643362
36656664316134613337613264616435346237323266353331386461306163643831373862323335
63306432623637336431343234333438313166613863313237393834343330396630353137306164
31353637323630343164306133616636336364656631336562323061333033366638636330653330
37633631363832363865656466383636333662326632623466366434633932363933666363633165
35653862343437666631386261343339323738613265633737626530626533316236386335333664
37383130656239373731343364363563323435343664363832353538373539356532653533633331
61313863376262656465383639343166626238336138636432623730633536396636333932616536
65343433393839386537646363336163666165376631616139393962636163353630383266646662
36336163343361316161316266646335333939353030616333643661303861653133613465356132
34656133376534393763613133343965303735326333383162373965393866626463613065303431
64643834303931333532373334366463643762383066643131663430613561616339633865346562
31303331326430623065383834383362363139636234623661636430303330613539323866356463
63633735623265373861306664306637303931373833613765343137643631316163326137336430
65636130636233613965306164333838366261623135306361336339326533613361363937623562
38383433303030343962343633363933623333643237623861363264636537643166396363336230
65346462643664383939653364393963626661663333636337353032353437323565656564386364
36373433336265306562336436653562386434323239333538386163343136306536386532613831
35363330663964646361313866623932323534663931656166646565376636633637373635636633
38326439373432376365393464396636323631326135646364303231633933616562396239303765
38386535386463323036323662333032626561356632643633363535313564653539613237333839
39643065333462383834316264393266386431636335656263313231313037343131366463326231
37626332386563303435343632636665326466626535316532386166643866636461653530373664
33343566633135396333346530613061306239303936643336393262326437646664363836613463
36643538376563613431396130383935353739396338303235333334363038373863383935333133
34323339663862633363343163356230343664653037363638646237313238373563386662613164
37373439386664343638313037636434663834633964656134316539346533333566623631313834
31336434646433666337653039666638316233326237613035363765363134376130376332323530
36666433363830303333666561356561303765346436613663346131383432666430303736383566
30386535386265386465666439663837633635386431356430356239383835633631363230653139
31366336393837353666336662666164623664383930626431653965663432303063646238623261
32666563626662646265643637666363326435646361633566353032653836343535636434663237
66323930663666393332356365613038303339623364353231336432343264623034383137333862
35306338623461613661363864613866616530326264663864343737386231303232663261393634
38396238623961366464363839313231356637366631343439643830393530383036396165636331
31333666613263666461346438633836396537626633646366663231366464616134376536306632
31343535363836356564613861363263333139663363626636653365303434373265356530393865
62613530366133376339316637653263613530666364313663366165373665626662316232656561
66383065343061373736653965376635303830396135363666633261353338623566613539313262
65643265316364623861616365396530656330313732656233353062656136633435393766313739
61383961393463623635656665616433303362626536343661373936303966333538363539643466
37633438646361626634633131346330653939366338666264323362633766343938336339326261
62383932353933323630323835353334646635633230323037626362363461643235343664363566
63316435353830386565653636376130663432323932383430353739393138653263663935643139
63323139646435636130343263313431393066623330643438383039633131316466303931623766
34623431356634663738643231306236643837363637383362353232656139663933386464383739
30383035636262626336353165336433616233613236343062346361373761333661316264303239
63363030613336636537663266353530383639396231633239633037613936613563666266313961
62663965326465303336663962363830333966353964626266666666376161633935326438636566
37393131383036666339393037393930323330653133366262666665326539366630653733653739
65656432306438373162613065626537316465393664333037326337643834613366363434663039
64626263356639653865373338666162623366353961646564613363653564376565623863393364
65363434383432333465356334356334616137313930393765326137646532663866333337383334
36303733333333313865306262636564623331353131303965333232613534303561386462386532
66336161353234643539346434636264373562623033386165643261633939663566623632386436
36643562663261656465376538313663333034613234666265326637346633396535396434636230
64663132363061326633623866663636346336666135353131323131646163313662613536646237
63383138373934373333323563373236326635663038666536653333653865393732383131393861
31336533643435616130333637646636383866666336393230366564396461366262303164613663
39646534376562336265646138346534386665326131353639666261646434333264636532653236
31316262663039323036366533323736363831383536626464386533336665333838326333646364
32313132613035656337653338316662353433373134303162373466653765333461383139333032
37303830663336373733376433613865643162666237336263306464623132326436346164656462
30396439386334316566373431363838613039333061356535393833663237383937366363393864
37646630643666363564326165373665353261643162313366303232666438376633366335363066
34393865643736393863663532623933313439626634366666356137376531356535643964303262
64616661313334613936336433313131303631393031363631356537626637613562333966323938
61656665633237323139663936343332373338656361613631306163643231343563303731616262
65613862386465666535366431613638643463363266663666353238323064383065346638323133
39373664633461323139383839306130633437353733666664653532383938386534313437323334
35316666643361613463373764636332366539393238653932656135313535383533393061366238
63313833353966623837353233616365613134353861613833393664633561643332323535303165
63633539626262656637306434333830313331393138373834363763666634326235653033666364
30323530353131643833666230373762646664386566313734356161393438643866343734346337
35346465383361663365363638376365383934633936666238323163366466663232666431343539
61373433323563623138393461383630636634633332653032653934363662613461656438383664
62633434326434666130303464356537643934663665353966396530666232383539616165376136
66376138333439613930623563656430323465333330333436363734303965626235376133326333
34613165613732386330383032373738623164363834333461373762393861373733363533316237
34323061383162326637353765343834336639323435323530373633336166366264646135316631
35633362393936613961313736636434373330333966623937306131626637376665353338356132
36363261633261383462366332306539343039356634323232316132333261373839393063316561
33363730336466636464616430366436333734333564623064326632366361663835613562333137
36373830333962613032306230316161323664363232666466393537663830346265303037386637
63353961623135373764356162363237636230323932653066336136646230313534626235633037
35353432623963383837333163306238656330353030363363643430353333626231643831323836
66313461343838393562323835376635353634326338616639363630313764646535626337333739
30633532323937353735613966323132346439623638356666376163383030353533303664366539
36633134363634633365303839353334373763313034393761666131663266363134383234383565
34356539626531643630366634383362393831363634623061383435316630666434383636666566
34313066373535373930313030633338306538366134366230633836306634333635343865653131
33326261663039356537653236333733323831393238623935313139396462363361663061616232
64613631353433383037623332656161663132323532656531326435343034323464313562393431
35316563663661636635623435383332383762636635316534633064333939383064626632323335
34303437316161316563623238353233353534636464653732366233633232626236643432326538
31303035653233643130613334633464353332333063663564316231663838323332303864303837
61303333336631653430653932356134656238323330626131393763626364653765356364323961
38646339386639656565396432333130653866313263666663313063623838643438353930373934
62386630356437306164303662363564303233613735646465343762313437613532373162613237
37656531386263326163343739363539623338346663356561646435613461653464393935353662
31656236646463633862323732376262656365653232363330613331613663663034613732636139
35363732386636626334306662666232326334646232613835383831396534346339663039383561
39343439303265636364636266653936663338353530616434613039383037646534653934386531
66356138303733393434373336663564636430643238376163366232393264333433333335663437
36663138313237396361303234313364646434343961663038663339373863336633623534396438
62633061303539363562653438653732626539326134333635623030323430393133333233353962
38653766386163663136653438353039383039656538373966356535626665373739656636383165
63356133383464653536316666616265626331633634313930616465313733656135366333313963
66643637333562303562383966326439376530313163653435336537633936396235393666323961
63303236373139326136346430613032383836356430313662663863396331303639396635623064
32346565343765366637643835306166646662333835333638393136353965336335323136356234
37373661376162613566656661616537383430303936303336333633613231363039313438386536
63373037653438613331323637366437336234303030336232383564613363633036386138613436
30363261333538303261656433323766383966343731346630326433383931346332613439346135
34373930616636646434656666653661363633313466303661666637393439616436636464326461
37663133376233633331396133346662646666333831306433643234323338643465356461383032
65616238633464396539343466386530613665343339353066386431623365636164616239336530
37366630633534306261346133376235376662383738393234383637613832343032363533346333
37623830623930396237383164663033393039666563326435306235353262643839353763393163
61376562656364643536663361323932646630366563373361346139643162666666643339643939
33303266396136656530663433376261613135396339636163633237643936636465633633636337
34373431306635613239616265636131396638396165326664353862343463333530303262346633
66633733616333383963616334656435396534363938353836306131376135303866373637393663
66656663376439396131643430373335393235623233633366393630623964356239646262366466
63663462663931363938336665323066363462663538333363333431353039626262366366663239
61616630663131656165616339646336613232303766356362343538303163323231643962353539
36646566653365326230336166353666663135313832386234626563626364333036353531663464
30376431366231383564316563373762613936656635363731613837656232663436393434653832
37366565666435333161636564303232383631393232613134636132633064366138623739666366
37653136393763383232326334663835386634356536323662313735626531373663303039316163
61666662303365663430356239346663393161656135663130313638656434303138623932323339
30663532323434346536356364656538633438623835336665363465346432316430303436373065
35313562313364343035643362656463616635333536303233653930326637666230353034303536
37656464373034323335613365333832386263646362653639663134643535316530306632336364
33356631396630333661303338343733353661633332393563343065623337616231383264393331
38383836313065343766323962336565666335373831666265363263363230656634666463656432
34623633383562663434353237343732363534643966396233353735646562343137393038323134
30376637366439303432613036363066633230626235663464336138636463373561633633383236
36666230386637373136396665356464303637333262383832353962663838346665383264643961
36303838373365323164356465653734393632643039383232303139333430626531356232393066
38636538323761396264663931343630353663643338666132613463616538373833616135366466
31633762383034613464653033623732626234616139643765313331346461336133316236316164
62623463376465653132636533613961663439316561633461376434343961333737323863653337
66643032366661623539363961396561643664386532396565633463303036653332336334313062
64356566623261336438333133313338313037336463346135326537643335633937383831353163
35373131633734393463643062623365393466373738653931303461313336306331636161616431
37653837376339333861376534386466333937653462656336353561376231306133633137363466
34326131636464363966643135303931333463626463363536643031623162316230386338366334
30373961666437356364383433303731393966386265653666343332396137346636643334656661
36383865396363333336313262656335326661643737393838356437313830326365646161316262
63623838313764616232346263323035656362323831653232336431373237613239373062613461
32663263613561613431353565396233663065373932323964353334306635333161323036623530
37623830373839323935663762363766313339343738303565643937363238373263333930336364
34323939363166656538633836653238336430613332396665313366313037396465633865373838
35643663333861323833363138386133616135316266306262376266316362326237323766363662
35366563313066383336373036333035353135636536636235343565313766633830633565366638
35616339383136626361653963346466346132366531383934613531346138383832346337346364
62313632643564666535383664396532363631656137366533626464613664383665643335653930
61376339653665663532633939343835376261373937623563373835646536383030663030633237
33346365323866326638316234303436653966353637363931623233623966623436393434633265
32383031663731653736336535653131643033613630636132306266666635653332386638613236
33313763393737636630393564373939373836666239613664333038366235363861353231383238
62373065616263633533396163623534306233623032326363356466616166353039396238633332
66313532636434393535323562663837303162653835383631373831366666646366373330363335
66663936353436313262363263396433333865393666376364343966366637323733653865383766
32303866383464623339393066633763316136326537346239353435626434303530333933316661
61613332393962336637626131373237623030353039386466363938313836333365363938306163
34376263356331303662373666373565633139363235353962333232386532356562363234343964
33636164643235386266346563353736323534643166313833396430316166363737353631343761
64393065653236306437376661393030626137346465366131636564663931666337643133333930
34613436626663336461653465666133306530363531336564326132316631376139636231333132
36316235646439383365613161653031613263393339313362383735613535653339616364366466
66383863396563653062376630666263373436386238663463613661643164633633613231363039
35313464666138303138376161333730633831303736396435313761363066333433656461613965
64376562363363316134666334353438303631326166373235316530356339666331373132366333
34663531666537353030613166373233383864366630643261643435376564326137353666316264
30333534303136616131353839626334373865633830393963393430663236313338393637633134
32326636613562363438316264303165366661616630306237303733366635323331326565343530
39333230383431303631373234663239326231643662363461316562366634323364313864663930
31356332323665313338346262633233333661303336666236396262376330356135613035303731
36353066336361663136343662313635636631343937623733616239326561306562626163346535
39353633393234326538373861666463643766346463633235643565303637633961363966316331
63386134313535656132333839326630666438633563666134663061383833623635313230373935
64623437643264616366636563333763663239346265326135663264303634313637343835326263
37356234616366353731393736373566633239663262643865663061363366633233653635623737
30386632643539643565363733363066383264663436623336643831353537346438643833393362
61383166373661313238653736613766373466623236333135363132383033663136323131363032
61303338363762653263323832663439343530373935383462383231326464326137643533353536
30396330303562366535333833613338646562616561316137303664393961353037323233663033
38353263633132366363313064363431316232346264316233303635346530373966343030633762
34656162653061626261383533373138356637643161653436323830323866373463623261363434
32333436303232323532623637393035396531353737633361343934393832383033313663343664
63353531313162366263363363316262326630636432616135653733323465336134323932633134
37386136663263646636313462323537313561356637383933313132613738323333626136663035
33623231326134653530393862323165373263613735386663316236636266646138623534353166
63383362663763396162626238353938633462303765343331376230336261633461626364336232
30313236336131613862643162633064363961636565666439633033323439323032393836613431
66396666303565666361313031323831303436633735363033343261333132303830656634663432
35343930653839386332366235323633623265373334313563356433323462346431323436666135
30373139343535313339633532393739666234363638393034333434376437393664636637383063
37306530623331383463383462393934346132303466346235393535656137343461643631653737
31613939643235353634346631623164386330323532656238666464383262393239366133323030
33623431666466356364363864666663616364636138346664333435333630373135353066653866
33366239386633353636653035643231363830303439383364396639646265353533326137323066
30636264393765366637393339326130613336366466633736303133666461653537663361343131
32663232303530386337366562333966623562643232303337383039353161323064323139663734
34323936393633323631313333663438376333373934313662393636333732343231366231663161
38613235643661653862613362663034383334336139373562373932393364396361353333643839
66343735373037313564353032366564613735643833343132656365643566326164373863346433
38613531313836333432643133373265323030303863633233343336343633333962353336636635
30303661343436383832306632303535656361636466616361366631303337656332346233376465
38346132373331643563336334326635373066356437366132366531363630653031386634623832
61396335316338613539383864626331633661616539323565333066623733366238343332363666
30383838363532346163336361333865633530363830663163646336633731353966636139383633
36343562346665323364376566623263333761323434363435363764386533323565613766636638
62333137373064363632663964656164316637336230653131313736333364366364363763623563
34316436313536313730343839303938666436316437646430366136656538386165353431336135
32646662643331623161323437323930653334356264393238333265303161633865616366376534
36356361383630396237623631346532363538323033363139323334633431633461366539363534
35326465613361376333626166366365653966623635613035656337666438353464323931386263
35613039373863303837636466343262326231333066356436386662326139343637396161313336
64313634366438616339623030356131616565353539313461386436346464393031313134343338
61343139636334393733383233336161623733666331646233383934313764636536643162353036
31316539643766303664663939646563393030646361663232396461343330346530323463306261
62323132353162613161343866616261643162356237633964333737353737393235613433623462
31383761303962653733393566626562353933343838383464343036323533626266346261616436
66333361313631666336626235363266373434373930633231373665393231663361663931613563
65643164643934373761616235623466323934393933376230646162346262633964616433366235
65656564666232353536346663303365373737356237653038653364663266313537363233373866
36363165666166643132643466636265336634383562646363343231383738656634393430616536
65383830343733626161613665636330366639616162623531386365613536386637666638666163
38376634353439616231363437346532326138303266313537353939393832303233316464363236
62386636613535623262343537363066663330633535363537653661613039386564633861623565
61386131333261633631396136383338333662633866653363616239333863616437613335613939
65666566633431623136616333336165366331653839393230386230636335336638653539336134
33303366323866393938393134353231393962313234626362623838386637333861336363376366
33336335613631393939653635633931356364333933333731396131636439646462393935343536
35363635643065393630333939383364336139396533623637643033643430653235623661393731
61313733386432643164633935356432373238343961653136363837633765396262333966393231
64386363353664333731326562336636386430333738323838663835333133613963353338653732
63393132313531616533613237653065643764386439656666643665303038383530313636303932
32633134626566333435613263373563373664353264343934656632316131623739626131353166
65616330656664656364303831346530323236363834373534643964656238376238623366333864
35623530363339373534353431623432323764646632636165613731383763313863393932646364
38366162633232613530666665396336376635313038346361393964386538626138393062626661
35613865373633386335373033643664333139346139636330333631626162643866343031663366
64336264636338663165626337626236383365303363663161626431656264643430643361653663
62643864376662336636633464306439366633646435386665383234643162376662616330626263
39323633613333633630393833313861666138396535643730313161346436323535353537393737
31366130353133613437333465353838666262633863663531653531613937653737636537346661
63623663313738343035353732336331636632613133303037373534323662363761353637323433
31363666616436353736623165396336363136316533343335316664343364303535626136633633
34353966333866636437333032323931353564636136643034353731366236376164666438363766
38326439323037343363346265323539326331626135373462323762386435363732346337333765
34393663666564386564376332366265663336333135633065313435633039316661663163343234
36373632383432383761653966323463316436306135383233666537333939333261316232326136
35613331646663396161643530323839353864316266366633323130303236633266656562643739
34613136306337633831323066626439346536613866613439376662376633373062376166636632
63383731316134636534613961323737653333326639376163366334366535313735623966303037
39393439623735663131346233383265303464313639333536323965626338356539333262306664
37316137353830633136346366653833333131333833643930326666383437383230646434303638
31623332373634613437656636373330323761316639656633663833653330633233306430663739
34373034396463376130393038373062633030636562623966623739356132633566326433316336
35376337373364356533383636653333393930303037383866363333353866363764376435393532
37393733356532613138653837376534346233653733646366623466306435376633343932646564
65643962363634643031613537653336643930333832316637653664623831343735653664303635
62666264306565316437313537373532313163633263636633363763333031333436613938393966
66653932386232623466316638353364316636666335653435666263643733626436303034333635
66646632623832356338613337356131616437613535616433616635323336366331326139346564
39393332346333633837386561326531636336393161393264663832303032303831306532643466
31316638636235636131313535303931326162336665313338393134653434396432623962643563
61653238613833316666303136353036343765376331646461656363646462306665316634333062
37663031653536653438643830366265373230356264376136336635353333613065353032383133
63383037646136353432363637383065613135653563623133383536383531626233356437663034
65626638396161393862383938633663343037653935333139666633333066333536636566323561
37656161626131303738333036613036613733356134393361396165613532393062343330643435
62646238303962646236633866646162376461623237393063343535643264653038626464313662
39306636656335343634313336653735613435363336383236343362623962616364616437336534
66323138623963353261343234653333393738393361333961323461653363646332393265343935
66303866326666633733643865653165666265623331613763633334363661633664653531376462
30653230636236373763366239616635343863643266306536623161306165643366353261643563
31396631386530643161633139343539383936313031626364383635323937313835616462313630
63343832333831633138356363666639666230353333616662323632383662646437323132663163
39333131373931396665333362353532356335376464333734393737363736623634656165303333
3666
